{
 "cells": [
  {
   "cell_type": "markdown",
   "metadata": {},
   "source": [
    "# Performing Principal Component Analysis (PCA) - Lab\n",
    "\n",
    "## Introduction\n",
    "\n",
    "Now that you have a high-level overview of PCA, as well as some of the details of the algorithm itself, it's time to practice implementing PCA on your own using the NumPy package. \n",
    "\n",
    "## Objectives\n",
    "\n",
    "You will be able to:\n",
    "    \n",
    "* Implement PCA from scratch using NumPy"
   ]
  },
  {
   "cell_type": "markdown",
   "metadata": {},
   "source": [
    "## Import the data\n",
    "\n",
    "- Import the data stored in the file `'foodusa.csv'` (set `index_col=0`)\n",
    "- Print the first five rows of the DataFrame "
   ]
  },
  {
   "cell_type": "code",
   "execution_count": 1,
   "metadata": {},
   "outputs": [
    {
     "data": {
      "text/html": [
       "<div>\n",
       "<style scoped>\n",
       "    .dataframe tbody tr th:only-of-type {\n",
       "        vertical-align: middle;\n",
       "    }\n",
       "\n",
       "    .dataframe tbody tr th {\n",
       "        vertical-align: top;\n",
       "    }\n",
       "\n",
       "    .dataframe thead th {\n",
       "        text-align: right;\n",
       "    }\n",
       "</style>\n",
       "<table border=\"1\" class=\"dataframe\">\n",
       "  <thead>\n",
       "    <tr style=\"text-align: right;\">\n",
       "      <th></th>\n",
       "      <th>Bread</th>\n",
       "      <th>Burger</th>\n",
       "      <th>Milk</th>\n",
       "      <th>Oranges</th>\n",
       "      <th>Tomatoes</th>\n",
       "    </tr>\n",
       "    <tr>\n",
       "      <th>City</th>\n",
       "      <th></th>\n",
       "      <th></th>\n",
       "      <th></th>\n",
       "      <th></th>\n",
       "      <th></th>\n",
       "    </tr>\n",
       "  </thead>\n",
       "  <tbody>\n",
       "    <tr>\n",
       "      <th>ATLANTA</th>\n",
       "      <td>24.5</td>\n",
       "      <td>94.5</td>\n",
       "      <td>73.9</td>\n",
       "      <td>80.1</td>\n",
       "      <td>41.6</td>\n",
       "    </tr>\n",
       "    <tr>\n",
       "      <th>BALTIMORE</th>\n",
       "      <td>26.5</td>\n",
       "      <td>91.0</td>\n",
       "      <td>67.5</td>\n",
       "      <td>74.6</td>\n",
       "      <td>53.3</td>\n",
       "    </tr>\n",
       "    <tr>\n",
       "      <th>BOSTON</th>\n",
       "      <td>29.7</td>\n",
       "      <td>100.8</td>\n",
       "      <td>61.4</td>\n",
       "      <td>104.0</td>\n",
       "      <td>59.6</td>\n",
       "    </tr>\n",
       "    <tr>\n",
       "      <th>BUFFALO</th>\n",
       "      <td>22.8</td>\n",
       "      <td>86.6</td>\n",
       "      <td>65.3</td>\n",
       "      <td>118.4</td>\n",
       "      <td>51.2</td>\n",
       "    </tr>\n",
       "    <tr>\n",
       "      <th>CHICAGO</th>\n",
       "      <td>26.7</td>\n",
       "      <td>86.7</td>\n",
       "      <td>62.7</td>\n",
       "      <td>105.9</td>\n",
       "      <td>51.2</td>\n",
       "    </tr>\n",
       "  </tbody>\n",
       "</table>\n",
       "</div>"
      ],
      "text/plain": [
       "           Bread  Burger  Milk  Oranges  Tomatoes\n",
       "City                                             \n",
       "ATLANTA     24.5    94.5  73.9     80.1      41.6\n",
       "BALTIMORE   26.5    91.0  67.5     74.6      53.3\n",
       "BOSTON      29.7   100.8  61.4    104.0      59.6\n",
       "BUFFALO     22.8    86.6  65.3    118.4      51.2\n",
       "CHICAGO     26.7    86.7  62.7    105.9      51.2"
      ]
     },
     "execution_count": 1,
     "metadata": {},
     "output_type": "execute_result"
    }
   ],
   "source": [
    "import pandas as pd\n",
    "data = pd.read_csv('foodusa.csv',index_col=0)\n",
    "\n",
    "data.head()"
   ]
  },
  {
   "cell_type": "markdown",
   "metadata": {},
   "source": [
    "## Normalize the data\n",
    "\n",
    "Next, normalize your data by subtracting the mean from each of the columns."
   ]
  },
  {
   "cell_type": "code",
   "execution_count": 6,
   "metadata": {},
   "outputs": [
    {
     "data": {
      "text/html": [
       "<div>\n",
       "<style scoped>\n",
       "    .dataframe tbody tr th:only-of-type {\n",
       "        vertical-align: middle;\n",
       "    }\n",
       "\n",
       "    .dataframe tbody tr th {\n",
       "        vertical-align: top;\n",
       "    }\n",
       "\n",
       "    .dataframe thead th {\n",
       "        text-align: right;\n",
       "    }\n",
       "</style>\n",
       "<table border=\"1\" class=\"dataframe\">\n",
       "  <thead>\n",
       "    <tr style=\"text-align: right;\">\n",
       "      <th></th>\n",
       "      <th>Bread</th>\n",
       "      <th>Burger</th>\n",
       "      <th>Milk</th>\n",
       "      <th>Oranges</th>\n",
       "      <th>Tomatoes</th>\n",
       "    </tr>\n",
       "    <tr>\n",
       "      <th>City</th>\n",
       "      <th></th>\n",
       "      <th></th>\n",
       "      <th></th>\n",
       "      <th></th>\n",
       "      <th></th>\n",
       "    </tr>\n",
       "  </thead>\n",
       "  <tbody>\n",
       "    <tr>\n",
       "      <th>ATLANTA</th>\n",
       "      <td>-0.791304</td>\n",
       "      <td>2.643478</td>\n",
       "      <td>11.604348</td>\n",
       "      <td>-22.891304</td>\n",
       "      <td>-7.165217</td>\n",
       "    </tr>\n",
       "    <tr>\n",
       "      <th>BALTIMORE</th>\n",
       "      <td>1.208696</td>\n",
       "      <td>-0.856522</td>\n",
       "      <td>5.204348</td>\n",
       "      <td>-28.391304</td>\n",
       "      <td>4.534783</td>\n",
       "    </tr>\n",
       "    <tr>\n",
       "      <th>BOSTON</th>\n",
       "      <td>4.408696</td>\n",
       "      <td>8.943478</td>\n",
       "      <td>-0.895652</td>\n",
       "      <td>1.008696</td>\n",
       "      <td>10.834783</td>\n",
       "    </tr>\n",
       "    <tr>\n",
       "      <th>BUFFALO</th>\n",
       "      <td>-2.491304</td>\n",
       "      <td>-5.256522</td>\n",
       "      <td>3.004348</td>\n",
       "      <td>15.408696</td>\n",
       "      <td>2.434783</td>\n",
       "    </tr>\n",
       "    <tr>\n",
       "      <th>CHICAGO</th>\n",
       "      <td>1.408696</td>\n",
       "      <td>-5.156522</td>\n",
       "      <td>0.404348</td>\n",
       "      <td>2.908696</td>\n",
       "      <td>2.434783</td>\n",
       "    </tr>\n",
       "    <tr>\n",
       "      <th>CINCINNATI</th>\n",
       "      <td>0.008696</td>\n",
       "      <td>10.643478</td>\n",
       "      <td>1.004348</td>\n",
       "      <td>-3.691304</td>\n",
       "      <td>-3.165217</td>\n",
       "    </tr>\n",
       "    <tr>\n",
       "      <th>CLEVELAND</th>\n",
       "      <td>-2.491304</td>\n",
       "      <td>-3.056522</td>\n",
       "      <td>-9.895652</td>\n",
       "      <td>7.908696</td>\n",
       "      <td>-1.965217</td>\n",
       "    </tr>\n",
       "    <tr>\n",
       "      <th>DALLAS</th>\n",
       "      <td>-1.991304</td>\n",
       "      <td>-6.356522</td>\n",
       "      <td>0.204348</td>\n",
       "      <td>14.908696</td>\n",
       "      <td>-6.965217</td>\n",
       "    </tr>\n",
       "    <tr>\n",
       "      <th>DETROIT</th>\n",
       "      <td>-1.191304</td>\n",
       "      <td>1.843478</td>\n",
       "      <td>-10.795652</td>\n",
       "      <td>6.708696</td>\n",
       "      <td>3.634783</td>\n",
       "    </tr>\n",
       "    <tr>\n",
       "      <th>HONALULU</th>\n",
       "      <td>4.008696</td>\n",
       "      <td>14.043478</td>\n",
       "      <td>17.904348</td>\n",
       "      <td>30.208696</td>\n",
       "      <td>12.934783</td>\n",
       "    </tr>\n",
       "    <tr>\n",
       "      <th>HOUSTON</th>\n",
       "      <td>-2.991304</td>\n",
       "      <td>-8.256522</td>\n",
       "      <td>5.504348</td>\n",
       "      <td>5.608696</td>\n",
       "      <td>-6.365217</td>\n",
       "    </tr>\n",
       "    <tr>\n",
       "      <th>KANSAS CITY</th>\n",
       "      <td>0.808696</td>\n",
       "      <td>-2.956522</td>\n",
       "      <td>3.104348</td>\n",
       "      <td>-2.091304</td>\n",
       "      <td>-5.565217</td>\n",
       "    </tr>\n",
       "    <tr>\n",
       "      <th>LOS ANGELES</th>\n",
       "      <td>1.608696</td>\n",
       "      <td>-2.556522</td>\n",
       "      <td>-6.095652</td>\n",
       "      <td>-20.291304</td>\n",
       "      <td>-10.365217</td>\n",
       "    </tr>\n",
       "    <tr>\n",
       "      <th>MILWAUKEE</th>\n",
       "      <td>-4.991304</td>\n",
       "      <td>-2.256522</td>\n",
       "      <td>-8.495652</td>\n",
       "      <td>8.808696</td>\n",
       "      <td>5.134783</td>\n",
       "    </tr>\n",
       "    <tr>\n",
       "      <th>MINNEAPOLIS</th>\n",
       "      <td>-0.691304</td>\n",
       "      <td>0.343478</td>\n",
       "      <td>-10.395652</td>\n",
       "      <td>3.008696</td>\n",
       "      <td>1.934783</td>\n",
       "    </tr>\n",
       "    <tr>\n",
       "      <th>NEW YORK</th>\n",
       "      <td>5.508696</td>\n",
       "      <td>18.843478</td>\n",
       "      <td>3.704348</td>\n",
       "      <td>4.308696</td>\n",
       "      <td>13.834783</td>\n",
       "    </tr>\n",
       "    <tr>\n",
       "      <th>PHILADELPHIA</th>\n",
       "      <td>-0.791304</td>\n",
       "      <td>0.443478</td>\n",
       "      <td>4.404348</td>\n",
       "      <td>-4.991304</td>\n",
       "      <td>12.934783</td>\n",
       "    </tr>\n",
       "    <tr>\n",
       "      <th>PITTSBURGH</th>\n",
       "      <td>0.908696</td>\n",
       "      <td>3.543478</td>\n",
       "      <td>-2.095652</td>\n",
       "      <td>14.108696</td>\n",
       "      <td>0.534783</td>\n",
       "    </tr>\n",
       "    <tr>\n",
       "      <th>ST LOUIS</th>\n",
       "      <td>1.208696</td>\n",
       "      <td>0.543478</td>\n",
       "      <td>-1.495652</td>\n",
       "      <td>12.108696</td>\n",
       "      <td>-2.565217</td>\n",
       "    </tr>\n",
       "    <tr>\n",
       "      <th>SAN DIEGO</th>\n",
       "      <td>0.208696</td>\n",
       "      <td>-8.156522</td>\n",
       "      <td>-5.295652</td>\n",
       "      <td>-10.191304</td>\n",
       "      <td>-13.365217</td>\n",
       "    </tr>\n",
       "    <tr>\n",
       "      <th>SAN FRANCISCO</th>\n",
       "      <td>1.008696</td>\n",
       "      <td>-4.756522</td>\n",
       "      <td>-3.995652</td>\n",
       "      <td>-1.191304</td>\n",
       "      <td>-7.265217</td>\n",
       "    </tr>\n",
       "    <tr>\n",
       "      <th>SEATTLE</th>\n",
       "      <td>-2.791304</td>\n",
       "      <td>-14.156522</td>\n",
       "      <td>-0.295652</td>\n",
       "      <td>-11.891304</td>\n",
       "      <td>-3.865217</td>\n",
       "    </tr>\n",
       "    <tr>\n",
       "      <th>WASHINGTON DC</th>\n",
       "      <td>-1.091304</td>\n",
       "      <td>1.943478</td>\n",
       "      <td>3.704348</td>\n",
       "      <td>-21.391304</td>\n",
       "      <td>-2.565217</td>\n",
       "    </tr>\n",
       "  </tbody>\n",
       "</table>\n",
       "</div>"
      ],
      "text/plain": [
       "                  Bread     Burger       Milk    Oranges   Tomatoes\n",
       "City                                                               \n",
       "ATLANTA       -0.791304   2.643478  11.604348 -22.891304  -7.165217\n",
       "BALTIMORE      1.208696  -0.856522   5.204348 -28.391304   4.534783\n",
       "BOSTON         4.408696   8.943478  -0.895652   1.008696  10.834783\n",
       "BUFFALO       -2.491304  -5.256522   3.004348  15.408696   2.434783\n",
       "CHICAGO        1.408696  -5.156522   0.404348   2.908696   2.434783\n",
       "CINCINNATI     0.008696  10.643478   1.004348  -3.691304  -3.165217\n",
       "CLEVELAND     -2.491304  -3.056522  -9.895652   7.908696  -1.965217\n",
       "DALLAS        -1.991304  -6.356522   0.204348  14.908696  -6.965217\n",
       "DETROIT       -1.191304   1.843478 -10.795652   6.708696   3.634783\n",
       "HONALULU       4.008696  14.043478  17.904348  30.208696  12.934783\n",
       "HOUSTON       -2.991304  -8.256522   5.504348   5.608696  -6.365217\n",
       "KANSAS CITY    0.808696  -2.956522   3.104348  -2.091304  -5.565217\n",
       "LOS ANGELES    1.608696  -2.556522  -6.095652 -20.291304 -10.365217\n",
       "MILWAUKEE     -4.991304  -2.256522  -8.495652   8.808696   5.134783\n",
       "MINNEAPOLIS   -0.691304   0.343478 -10.395652   3.008696   1.934783\n",
       "NEW YORK       5.508696  18.843478   3.704348   4.308696  13.834783\n",
       "PHILADELPHIA  -0.791304   0.443478   4.404348  -4.991304  12.934783\n",
       "PITTSBURGH     0.908696   3.543478  -2.095652  14.108696   0.534783\n",
       "ST LOUIS       1.208696   0.543478  -1.495652  12.108696  -2.565217\n",
       "SAN DIEGO      0.208696  -8.156522  -5.295652 -10.191304 -13.365217\n",
       "SAN FRANCISCO  1.008696  -4.756522  -3.995652  -1.191304  -7.265217\n",
       "SEATTLE       -2.791304 -14.156522  -0.295652 -11.891304  -3.865217\n",
       "WASHINGTON DC -1.091304   1.943478   3.704348 -21.391304  -2.565217"
      ]
     },
     "execution_count": 6,
     "metadata": {},
     "output_type": "execute_result"
    }
   ],
   "source": [
    "data = data-data.mean()\n",
    "data"
   ]
  },
  {
   "cell_type": "markdown",
   "metadata": {},
   "source": [
    "## Calculate the covariance matrix\n",
    "\n",
    "The next step is to calculate the covariance matrix for your normalized data. "
   ]
  },
  {
   "cell_type": "code",
   "execution_count": 7,
   "metadata": {},
   "outputs": [],
   "source": [
    "import numpy as np"
   ]
  },
  {
   "cell_type": "code",
   "execution_count": 13,
   "metadata": {},
   "outputs": [
    {
     "data": {
      "text/html": [
       "<div>\n",
       "<style scoped>\n",
       "    .dataframe tbody tr th:only-of-type {\n",
       "        vertical-align: middle;\n",
       "    }\n",
       "\n",
       "    .dataframe tbody tr th {\n",
       "        vertical-align: top;\n",
       "    }\n",
       "\n",
       "    .dataframe thead th {\n",
       "        text-align: right;\n",
       "    }\n",
       "</style>\n",
       "<table border=\"1\" class=\"dataframe\">\n",
       "  <thead>\n",
       "    <tr style=\"text-align: right;\">\n",
       "      <th></th>\n",
       "      <th>Bread</th>\n",
       "      <th>Burger</th>\n",
       "      <th>Milk</th>\n",
       "      <th>Oranges</th>\n",
       "      <th>Tomatoes</th>\n",
       "    </tr>\n",
       "  </thead>\n",
       "  <tbody>\n",
       "    <tr>\n",
       "      <th>Bread</th>\n",
       "      <td>6.284466</td>\n",
       "      <td>12.910968</td>\n",
       "      <td>5.719051</td>\n",
       "      <td>1.310375</td>\n",
       "      <td>7.285138</td>\n",
       "    </tr>\n",
       "    <tr>\n",
       "      <th>Burger</th>\n",
       "      <td>12.910968</td>\n",
       "      <td>57.077115</td>\n",
       "      <td>17.507530</td>\n",
       "      <td>22.691877</td>\n",
       "      <td>36.294783</td>\n",
       "    </tr>\n",
       "    <tr>\n",
       "      <th>Milk</th>\n",
       "      <td>5.719051</td>\n",
       "      <td>17.507530</td>\n",
       "      <td>48.305889</td>\n",
       "      <td>-0.275040</td>\n",
       "      <td>13.443478</td>\n",
       "    </tr>\n",
       "    <tr>\n",
       "      <th>Oranges</th>\n",
       "      <td>1.310375</td>\n",
       "      <td>22.691877</td>\n",
       "      <td>-0.275040</td>\n",
       "      <td>202.756285</td>\n",
       "      <td>38.762411</td>\n",
       "    </tr>\n",
       "    <tr>\n",
       "      <th>Tomatoes</th>\n",
       "      <td>7.285138</td>\n",
       "      <td>36.294783</td>\n",
       "      <td>13.443478</td>\n",
       "      <td>38.762411</td>\n",
       "      <td>57.800553</td>\n",
       "    </tr>\n",
       "  </tbody>\n",
       "</table>\n",
       "</div>"
      ],
      "text/plain": [
       "              Bread     Burger       Milk     Oranges   Tomatoes\n",
       "Bread      6.284466  12.910968   5.719051    1.310375   7.285138\n",
       "Burger    12.910968  57.077115  17.507530   22.691877  36.294783\n",
       "Milk       5.719051  17.507530  48.305889   -0.275040  13.443478\n",
       "Oranges    1.310375  22.691877  -0.275040  202.756285  38.762411\n",
       "Tomatoes   7.285138  36.294783  13.443478   38.762411  57.800553"
      ]
     },
     "execution_count": 13,
     "metadata": {},
     "output_type": "execute_result"
    }
   ],
   "source": [
    "cov_mat = data.cov()\n",
    "cov_mat"
   ]
  },
  {
   "cell_type": "markdown",
   "metadata": {},
   "source": [
    "## Calculate the eigenvectors\n",
    "\n",
    "Next, calculate the eigenvectors and eigenvalues for your covariance matrix. "
   ]
  },
  {
   "cell_type": "code",
   "execution_count": 14,
   "metadata": {},
   "outputs": [
    {
     "data": {
      "text/plain": [
       "(array([218.99867893,  91.72316894,   3.02922934,  20.81054128,\n",
       "         37.66268981]),\n",
       " array([[-0.02848905, -0.16532108, -0.96716354, -0.18972574,  0.02135748],\n",
       "        [-0.2001224 , -0.63218494,  0.24877074, -0.65862454,  0.25420475],\n",
       "        [-0.0416723 , -0.44215032,  0.03606094,  0.10765906, -0.88874949],\n",
       "        [-0.93885906,  0.31435473, -0.01521357, -0.06904699, -0.12135003],\n",
       "        [-0.27558389, -0.52791603, -0.03429221,  0.71684022,  0.36100184]]))"
      ]
     },
     "execution_count": 14,
     "metadata": {},
     "output_type": "execute_result"
    }
   ],
   "source": [
    "eig_values, eig_vectors = np.linalg.eig(cov_mat)\n",
    "eig_values, eig_vectors"
   ]
  },
  {
   "cell_type": "markdown",
   "metadata": {},
   "source": [
    "## Sort the eigenvectors \n",
    "\n",
    "Great! Now that you have the eigenvectors and their associated eigenvalues, sort the eigenvectors based on their eigenvalues to determine primary components!"
   ]
  },
  {
   "cell_type": "code",
   "execution_count": 15,
   "metadata": {},
   "outputs": [
    {
     "data": {
      "text/plain": [
       "array([[-0.02848905, -0.16532108,  0.02135748, -0.18972574, -0.96716354],\n",
       "       [-0.2001224 , -0.63218494,  0.25420475, -0.65862454,  0.24877074],\n",
       "       [-0.0416723 , -0.44215032, -0.88874949,  0.10765906,  0.03606094],\n",
       "       [-0.93885906,  0.31435473, -0.12135003, -0.06904699, -0.01521357],\n",
       "       [-0.27558389, -0.52791603,  0.36100184,  0.71684022, -0.03429221]])"
      ]
     },
     "execution_count": 15,
     "metadata": {},
     "output_type": "execute_result"
    }
   ],
   "source": [
    "# Get the index values of the sorted eigenvalues\n",
    "e_indices = np.argsort(eig_values)[::-1]\n",
    "\n",
    "# Sort \n",
    "eigenvectors_sorted = eig_vectors[:, e_indices]\n",
    "eigenvectors_sorted"
   ]
  },
  {
   "cell_type": "markdown",
   "metadata": {},
   "source": [
    "## Reprojecting the data\n",
    "\n",
    "Finally, reproject the dataset using your eigenvectors. Reproject this dataset down to 2 dimensions."
   ]
  },
  {
   "cell_type": "code",
   "execution_count": 16,
   "metadata": {},
   "outputs": [
    {
     "data": {
      "text/plain": [
       "array([[ 11.10636706,  14.73134932, -14.17203836,   1.85530932,\n",
       "        -13.15196933],\n",
       "       [  1.21900301,  21.44989411,  -7.19007196,  -0.14425049,\n",
       "        -18.50968283]])"
      ]
     },
     "execution_count": 16,
     "metadata": {},
     "output_type": "execute_result"
    }
   ],
   "source": [
    "transformed = eigenvectors_sorted.dot(data.T).T\n",
    "transformed[:2]"
   ]
  },
  {
   "cell_type": "markdown",
   "metadata": {},
   "source": [
    "## Summary\n",
    "\n",
    "Well done! You've now coded PCA on your own using NumPy! With that, it's time to look at further applications of PCA."
   ]
  }
 ],
 "metadata": {
  "kernelspec": {
   "display_name": "Python 3",
   "language": "python",
   "name": "python3"
  },
  "language_info": {
   "codemirror_mode": {
    "name": "ipython",
    "version": 3
   },
   "file_extension": ".py",
   "mimetype": "text/x-python",
   "name": "python",
   "nbconvert_exporter": "python",
   "pygments_lexer": "ipython3",
   "version": "3.8.5"
  }
 },
 "nbformat": 4,
 "nbformat_minor": 2
}
